********************************************25 customers********************************************
VRPTW-r101-25
******************************************************
Solution：
routeID   route   carbonEmissions   arrivalTime_depot   duration
route0： 0[0]-23[6.47]-11[8.24]-4[9.77]-21[11.7]-24[15.13]-n+1     20.52     16.35     16.35
route1： 0[0]-7[6.89]-3[8.59]-10[10.77]-n+1     9.1     11.66     11.66
route2： 0[0]-18[7.1]-14[14.61]-1[16.59]-n+1     23.05     17.88     17.88
route3： 0[7.1]-19[9.39]-17[15.86]-6[17.69]-20[20.03]-n+1     20.61     20.97     13.88
route4： 0[0]-9[6.89]-16[9.57]-5[14.19]-8[16.1]-12[18.78]-n+1     53.17     20.01     20.01
route5： 0[0]-13[7.1]-22[8.86]-2[11.38]-15[17.95]-25[20.35]-n+1     31.22     21.42     21.42

VRPTW-r102-25
******************************************************
Solution：
routeID   route   carbonEmissions   arrivalTime_depot   duration
route0： 0[6.89]-22[9.39]-2[11.9]-15[17.95]-n+1     17.53     18.75     11.86
route1： 0[7.1]-10[9.91]-18[11.87]-14[14.61]-1[16.59]-n+1     17.07     17.88     10.79
route2： 0[0]-7[7.1]-19[8.89]-17[15.86]-6[17.69]-20[20.03]-3[21.36]-n+1     22.62     22.03     22.03
route3： 0[0]-13[1.58]-12[3.42]-9[6.89]-16[9.57]-5[14.19]-8[16.1]-n+1     43.04     18.01     18.01
route4： 0[0]-23[6.47]-11[8.24]-4[9.77]-21[11.7]-25[20.35]-24[21.83]-n+1     31.08     22.51     22.51

VRPTW-r105-25
******************************************************
Solution：
routeID   route   carbonEmissions   arrivalTime_depot   duration
route0： 0[7.1]-10[9.03]-n+1     3.62     9.93     2.83
route1： 0[0]-18[7.1]-14[13.57]-1[15.55]-n+1     18.72     17.3     17.3
route2： 0[0]-7[7.1]-3[8.88]-19[10.49]-6[15.97]-17[17.8]-20[18.93]-n+1     21.69     19.87     19.87
route3： 0[0]-9[6.89]-16[9.57]-5[13.19]-8[15.1]-12[18.22]-n+1     49.04     19.46     19.46
route4： 0[0]-13[7.1]-22[8.86]-2[11.38]-21[13.38]-24[15.36]-n+1     15.84     16.58     16.58
route5： 0[0]-23[7.1]-11[9.23]-4[10.76]-25[18.26]-15[20.02]-n+1     29.57     20.82     20.82

VRPTW-r106-25
******************************************************
Solution：
routeID   route   carbonEmissions   arrivalTime_depot   duration
route0： 0[7.1]-22[9.68]-2[12.19]-n+1     10.38     14.29     7.19
route1： 0[7.1]-10[9.03]-18[10.99]-14[13.57]-1[15.55]-n+1     12.74     17.3     10.21
route2： 0[0]-7[7.1]-19[8.89]-6[15.97]-17[17.8]-20[18.93]-3[20.25]-n+1     20.57     20.92     20.92
route3： 0[0]-13[1.58]-12[3.42]-9[6.89]-16[9.57]-5[13.19]-8[15.1]-n+1     38.9     17.46     17.46
route4： 0[0]-24[1.77]-23[7.1]-11[9.23]-4[10.76]-21[12.68]-25[18.26]-15[20.02]-n+1     33.49     20.82     20.82

VRPTW-r109-25
******************************************************
Solution：
routeID   route   carbonEmissions   arrivalTime_depot   duration
route0： 0[7.1]-3[9.34]-6[13.98]-n+1     9.8     16.38     9.29
route1： 0[6.99]-2[10.13]-9[12.68]-12[14.81]-n+1     14.36     17.02     10.03
route2： 0[7.1]-23[9.61]-25[13.88]-24[15.71]-n+1     8.01     16.93     9.84
route3： 0[7.1]-7[8.65]-19[10.44]-17[13.25]-20[15.13]-n+1     7.77     16.82     9.72
route4： 0[7.1]-10[9.03]-18[10.99]-14[12.61]-1[14.31]-n+1     10.46     16.31     9.22
route5： 0[0]-13[3.76]-22[7.1]-16[10.32]-8[13.15]-5[15.05]-n+1     26.41     17.32     17.32
route6： 0[6.99]-11[10.58]-4[12.11]-21[14.04]-15[15.62]-n+1     12.42     17.03     10.04

VRPTW-c101-25
******************************************************
Solution：
routeID   route   carbonEmissions   arrivalTime_depot   duration
route0： 0[5.73]-14[10.21]-15[12.66]-n+1     22.91     16.28     10.55
route1： 0[0]-19[7.01]-20[16.68]-n+1     48.53     19.11     19.11
route2： 0[7.01]-21[11.24]-22[14.27]-n+1     10.42     16.43     9.42
route3： 0[0]-10[7.01]-11[9]-12[14.02]-n+1     13.89     15.89     15.89
route4： 0[0]-24[7.01]-23[9.45]-25[14.31]-n+1     26.82     17.2     17.2
route5： 0[0]-2[7.01]-4[10.97]-3[14.41]-n+1     21.17     17.25     17.25
route6： 0[0]-5[2.22]-6[7.01]-7[12.35]-1[15.94]-n+1     15.85     17.22     17.22
route7： 0[0]-8[7.01]-9[14.66]-13[19.46]-n+1     29.15     20.4     20.4
route8： 0[7.01]-18[10.67]-16[14.02]-17[16.01]-n+1     11.28     17.36     10.35

VRPTW-c102-25
******************************************************
Solution：
routeID   route   carbonEmissions   arrivalTime_depot   duration
route0： 0[0]-8[7.01]-9[14.66]-n+1     22.73     17.27     17.27
route1： 0[0]-13[2.76]-12[6.54]-14[10.2]-15[12.66]-n+1     27.39     16.28     16.28
route2： 0[7.01]-21[11.24]-22[14.27]-n+1     10.42     16.43     9.42
route3： 0[0]-2[7.01]-4[10.97]-3[13.12]-n+1     19.29     16.16     16.16
route4： 0[5.38]-23[9.56]-24[12]-25[14.31]-n+1     26.79     17.2     11.82
route5： 0[0]-19[7.01]-20[16.68]-18[20.01]-n+1     50.93     21.07     21.07
route6： 0[0]-5[2.22]-6[7.01]-7[12.35]-1[15.94]-n+1     15.85     17.22     17.22
route7： 0[0]-10[7.01]-11[9]-16[14.02]-17[16.01]-n+1     18.66     17.36     17.36

VRPTW-c105-25
******************************************************
Solution：
routeID   route   carbonEmissions   arrivalTime_depot   duration
route0： 0[0]-8[7.01]-9[14.16]-n+1     20.7     16.98     16.98
route1： 0[0]-19[7.01]-20[16.19]-n+1     46.52     18.84     18.84
route2： 0[0]-10[6.95]-14[10.71]-15[12.85]-n+1     21.83     16.48     16.48
route3： 0[0]-24[7.01]-23[9.45]-25[13.55]-n+1     25.34     16.6     16.6
route4： 0[7.01]-21[11.24]-22[13.67]-n+1     10.42     15.82     8.81
route5： 0[0]-2[7.01]-4[10.74]-3[13.73]-n+1     19.29     16.77     16.77
route6： 0[0]-5[2.22]-6[7.01]-7[11.9]-1[15.49]-n+1     14.25     16.94     16.94
route7： 0[7.01]-18[10.67]-16[13.42]-17[15.57]-n+1     9.48     17.12     10.11
route8： 0[6.87]-11[10.26]-12[13.42]-13[18.89]-n+1     16.34     19.84     12.96

VRPTW-c106-25
******************************************************
Solution：
routeID   route   carbonEmissions   arrivalTime_depot   duration
route0： 0[0]-8[7.01]-9[14.33]-n+1     21.36     17.09     17.09
route1： 0[0]-19[7.01]-20[15.59]-n+1     44.02     18.51     18.51
route2： 0[0]-5[2.22]-6[7.01]-7[12.49]-n+1     10.31     13.9     13.9
route3： 0[7.01]-21[11.24]-22[13.42]-n+1     10.42     15.57     8.56
route4： 0[0]-2[7.01]-4[11.03]-3[14.31]-n+1     20.77     17.2     17.2
route5： 0[0]-10[7.01]-14[10.8]-15[12.94]-n+1     21.55     16.57     16.57
route6： 0[6.8]-11[10.13]-12[13.38]-13[18.39]-n+1     16.79     19.33     12.54
route7： 0[7.01]-18[10.67]-16[12.81]-17[15.65]-n+1     9.8     17.17     10.16
route8： 0[0]-24[6.97]-23[9.39]-25[12.09]-1[15.55]-n+1     25.78     17     17

VRPTW-c107-25
******************************************************
Solution：
routeID   route   carbonEmissions   arrivalTime_depot   duration
route0： 0[0]-19[7.01]-20[15.44]-n+1     43.37     18.42     18.42
route1： 0[0]-6[2.46]-8[7.01]-9[13.42]-n+1     21.4     16.25     16.25
route2： 0[0]-10[7.01]-14[10.8]-15[12.94]-n+1     21.55     16.57     16.57
route3： 0[0]-24[7.01]-23[9.45]-25[13.34]-n+1     25.34     16.39     16.39
route4： 0[7.01]-21[11.24]-22[13.42]-n+1     10.42     15.57     8.56
route5： 0[0]-2[7.01]-4[10.74]-3[13.34]-n+1     19.29     16.39     16.39
route6： 0[0]-5[7.01]-7[11.07]-1[14.66]-n+1     12.54     16.11     16.11
route7： 0[7.01]-11[10.48]-12[12.87]-13[18.27]-n+1     15.63     19.21     12.2
route8： 0[7.01]-18[10.67]-16[12.87]-17[14.86]-n+1     8.56     16.51     9.5

VRPTW-c108-25
******************************************************
Solution：
routeID   route   carbonEmissions   arrivalTime_depot   duration
route0： 0[6.91]-2[10.05]-7[13.39]-n+1     9.63     14.8     7.89
route1： 0[6.91]-4[11.83]-3[13.97]-n+1     14.37     17.01     10.1
route2： 0[0]-19[7.01]-20[15.22]-n+1     42.49     18.3     18.3
route3： 0[0]-5[2.22]-6[4.21]-8[7.01]-9[13.17]-n+1     21.49     15.99     15.99
route4： 0[7.01]-21[11.24]-22[13.42]-n+1     10.42     15.57     8.56
route5： 0[7.01]-18[10.67]-16[12.81]-17[14.8]-n+1     8.56     16.45     9.44
route6： 0[0]-24[6.97]-23[9.39]-25[12.09]-1[15.55]-n+1     25.78     17     17
route7： 0[0]-10[5.24]-11[7.15]-14[10.99]-15[13.14]-12[16.97]-13[18.99]-n+1     33.3     19.93     19.93

VRPTW-c109-25
******************************************************
Solution：
routeID   route   carbonEmissions   arrivalTime_depot   duration
route0： 0[6.91]-4[11.83]-3[13.97]-n+1     14.37     17.01     10.1
route1： 0[5.11]-19[9.74]-20[13.69]-n+1     32.76     17.45     12.34
route2： 0[7.01]-21[11.24]-22[13.42]-n+1     10.42     15.57     8.56
route3： 0[0]-5[2.22]-6[6.49]-8[9.33]-9[11.67]-7[15.06]-n+1     20.09     16.48     16.48
route4： 0[7.01]-10[10.41]-11[12.39]-12[14.46]-n+1     8.32     16.33     9.32
route5： 0[7.01]-18[10.67]-16[12.81]-17[14.8]-n+1     8.56     16.45     9.44
route6： 0[0]-2[3.88]-24[6.97]-23[9.39]-25[12.09]-1[15.55]-n+1     29.09     17     17
route7： 0[6.99]-14[12.33]-15[14.48]-13[18.75]-n+1     24.13     19.7     12.7

VRPTW-rc101-25
******************************************************
Solution：
routeID   route   carbonEmissions   arrivalTime_depot   duration
route0： 0[6.7]-16[9.15]-21[11.11]-14[14]-n+1     11.57     15.44     8.74
route1： 0[0]-13[6.7]-3[9.31]-4[11.06]-15[16.5]-n+1     33.31     17.92     17.92
route2： 0[0]-18[6.2]-9[8.26]-11[10.1]-10[11.57]-n+1     29.38     14.79     14.79
route3： 0[7]-24[14.2]-17[16.49]-n+1     8.06     17.16     10.16
route4： 0[7]-22[9.43]-2[12.33]-1[15.1]-25[19]-n+1     20.2     19.85     12.85
route5： 0[7]-19[11.44]-5[13.9]-12[16.1]-6[17.96]-n+1     31.01     19.52     12.52
route6： 0[0]-23[6.3]-7[10.11]-8[14.1]-20[20.2]-n+1     31.28     20.54     20.54

VRPTW-rc102-25
******************************************************
Solution：
routeID   route   carbonEmissions   arrivalTime_depot   duration
route0： 0[7]-17[15.4]-n+1     3.25     16.2     9.2
route1： 0[6.9]-4[11.13]-3[12.89]-15[16.5]-n+1     22.94     17.92     11.02
route2： 0[7]-24[9.24]-21[12.25]-14[14]-n+1     11.25     15.44     8.44
route3： 0[7]-22[9.43]-2[12.33]-1[15.1]-25[19]-n+1     20.2     19.85     12.85
route4： 0[0]-16[7]-19[9.87]-12[12.42]-5[14.22]-6[15.8]-13[18.22]-n+1     35.98     19.33     19.33
route5： 0[5.1]-9[8.25]-11[10.08]-10[11.55]-18[14.17]-n+1     28.68     16.37     11.27
route6： 0[0]-23[6.3]-7[10.11]-8[14.1]-20[20.2]-n+1     31.28     20.54     20.54

VRPTW-rc105-25
******************************************************
Solution：
routeID   route   carbonEmissions   arrivalTime_depot   duration
route0： 0[6.7]-3[10.09]-4[11.84]-15[14.84]-n+1     17.2     17     10.3
route1： 0[7]-24[9.7]-17[15.4]-n+1     6.84     16.2     9.2
route2： 0[0]-13[7]-12[10.42]-5[12.22]-6[13.8]-n+1     23.77     16.6     16.6
route3： 0[0]-16[7]-19[9.87]-21[12.26]-14[14]-n+1     20.32     15.44     15.44
route4： 0[6.8]-22[9.1]-2[12]-1[16.1]-25[21]-n+1     23.25     21.85     15.05
route5： 0[0]-9[7]-11[8.84]-10[10.3]-18[12.92]-n+1     29.52     15.12     15.12
route6： 0[0]-23[7]-7[11.29]-8[12.69]-20[20]-n+1     24.92     20.34     20.34

VRPTW-rc106-25
******************************************************
Solution：
routeID   route   carbonEmissions   arrivalTime_depot   duration
route0： 0[7]-24[12.7]-n+1     5.06     13.94     6.94
route1： 0[0]-18[7]-9[9.61]-11[11.44]-10[12.91]-n+1     24.84     16.13     16.13
route2： 0[0]-23[7]-7[11.29]-8[12.69]-n+1     22.37     16.78     16.78
route3： 0[6.8]-3[10.26]-4[12.01]-15[15.01]-n+1     17.31     17.09     10.29
route4： 0[7]-22[9.43]-2[12.33]-1[13.73]-25[16.1]-17[18]-n+1     17.56     18.45     11.45
route5： 0[6.4]-13[8.99]-5[11.81]-12[13.61]-6[15.47]-14[18.19]-20[19.73]-n+1     29.76     20.07     13.67
route6： 0[7]-16[9.65]-19[12.52]-21[14.9]-n+1     14.94     17.04     10.04


********************************************50 customers********************************************
VRPTW-r101-50
******************************************************
Solution：
routeID   route   carbonEmissions   arrivalTime_depot   duration
route0： 0[7.1]-47[11.48]-n+1     3.93     12.44     5.35
route1： 0[0]-18[6.78]-32[9.39]-45[11.94]-10[14.19]-n+1     33.15     16.72     16.72
route2： 0[0]-46[2.92]-7[7.1]-22[8.59]-19[10.5]-50[20.35]-n+1     31.87     21.42     21.42
route3： 0[7.1]-3[11.37]-25[14.64]-n+1     9.07     16     8.9
route4： 0[7.1]-20[9.91]-13[14.82]-n+1     4.79     15.71     8.62
route5： 0[0]-26[7.1]-44[8.86]-5[13.98]-n+1     12.05     16.02     16.02
route6： 0[0]-21[4.28]-49[7.1]-8[8.87]-43[10.85]-48[15.13]-n+1     24.04     16.35     16.35
route7： 0[0]-14[6.89]-6[8.59]-27[15.65]-2[17.43]-n+1     20.54     18.54     18.54
route8： 0[7.1]-38[9.39]-39[11.68]-17[13.25]-34[15.86]-12[17.69]-40[20.03]-n+1     25.86     20.97     13.88
route9： 0[0]-41[7.1]-4[10.96]-23[13.25]-24[18.26]-n+1     28.54     19.5     19.5
route10： 0[0]-36[4.7]-1[7.1]-11[11.17]-28[14.61]-37[16.59]-29[21.91]-n+1     30.64     22.32     22.32
route11： 0[7.1]-9[10.12]-42[12.18]-30[17.95]-n+1     14.67     18.75     11.65
route12： 0[0]-31[7.1]-15[9.43]-33[14.3]-16[16.5]-35[20.03]-n+1     34.02     20.97     20.97

VRPTW-c101-50
******************************************************
Solution：
routeID   route   carbonEmissions   arrivalTime_depot   duration
route0： 0[0]-39[4.14]-38[7.01]-35[9.32]-40[16.68]-n+1     50.18     19.11     19.11
route1： 0[0]-45[2.73]-43[7.01]-41[9.48]-42[11.69]-44[14.27]-n+1     19.53     16.43     16.43
route2： 0[0]-27[7.01]-28[9.22]-30[12.66]-n+1     26.9     16.28     16.28
route3： 0[0]-31[7.01]-37[9]-36[11.14]-32[14.02]-n+1     13.73     15.74     15.74
route4： 0[0]-16[7.01]-19[11.05]-18[14.66]-17[16.65]-n+1     31.92     18.24     18.24
route5： 0[0]-48[3.59]-47[7.28]-46[9.32]-50[14.31]-1[17.77]-n+1     33.96     18.68     18.68
route6： 0[0]-10[2.22]-12[7.01]-15[10.47]-14[12.45]-13[14.36]-11[17.51]-n+1     15.32     18.06     18.06
route7： 0[0]-21[3.07]-20[7.01]-22[9]-23[10.97]-24[14.02]-25[17.57]-26[19.46]-n+1     23.86     20.4     20.4
route8： 0[0]-9[7.01]-8[10.97]-7[12.88]-6[14.87]-n+1     28.34     17.51     17.51
route9： 0[0]-49[3.21]-4[7.01]-5[9.05]-3[13.81]-2[15.86]-n+1     28.87     17.17     17.17
route10： 0[6.85]-29[12.11]-34[16]-33[18.18]-n+1     21.56     18.91     12.06

VRPTW-c105-50
******************************************************
Solution：
routeID   route   carbonEmissions   arrivalTime_depot   duration
route0： 0[0]-27[7.01]-28[9.19]-29[11.1]-n+1     26.41     14.7     14.7
route1： 0[0]-39[4.14]-38[7.01]-35[9.32]-40[16.19]-n+1     48.17     18.84     18.84
route2： 0[0]-49[3.21]-48[6.74]-47[8.74]-46[10.78]-50[13.55]-n+1     27.17     16.6     16.6
route3： 0[0]-31[7.01]-37[9]-36[11.14]-32[13.42]-n+1     13.73     15.14     15.14
route4： 0[0]-45[2.73]-43[7.01]-41[9.48]-42[11.69]-44[13.87]-n+1     19.53     16.02     16.02
route5： 0[7.01]-15[10.41]-14[12.39]-13[14.3]-11[16.82]-n+1     10.19     17.44     10.43
route6： 0[0]-4[7.01]-5[9.05]-3[13.01]-2[15.32]-1[17.36]-n+1     20.78     18.27     18.27
route7： 0[0]-10[2.22]-16[7.01]-19[10.62]-18[14.16]-17[16.14]-n+1     30.25     17.96     17.96
route8： 0[0]-12[2.46]-9[7.01]-8[10.45]-7[12.35]-6[14.34]-n+1     29.11     17.22     17.22
route9： 0[0]-21[2.67]-20[7.01]-22[9]-23[10.97]-24[13.42]-25[16.95]-26[18.89]-n+1     23.65     19.84     19.84
route10： 0[7.01]-30[12.38]-34[16.28]-33[18.46]-n+1     20.86     19.2     12.19

VRPTW-c106-50
******************************************************
Solution：
routeID   route   carbonEmissions   arrivalTime_depot   duration
route0： 0[0]-27[7.01]-28[9.19]-29[11.1]-n+1     26.41     14.7     14.7
route1： 0[0]-39[4.14]-38[7.01]-35[9.32]-40[15.59]-n+1     45.67     18.51     18.51
route2： 0[0]-31[7.01]-37[9]-36[11.14]-32[13.29]-n+1     13.73     15.02     15.02
route3： 0[0]-45[2.73]-43[7.01]-41[9.48]-42[11.69]-44[13.87]-n+1     19.53     16.02     16.02
route4： 0[7.01]-15[10.52]-14[12.51]-13[14.42]-11[17.4]-n+1     10.95     17.94     10.93
route5： 0[0]-4[7.01]-5[9.05]-3[12.6]-2[15.4]-1[17.59]-n+1     20.78     18.51     18.51
route6： 0[0]-10[2.22]-16[7.01]-19[10.95]-18[14.33]-17[16.32]-n+1     30.98     18.06     18.06
route7： 0[0]-12[2.82]-9[7.01]-8[11.03]-7[12.94]-6[14.92]-n+1     31.53     17.54     17.54
route8： 0[0]-21[2.67]-20[7.01]-22[9]-23[10.97]-24[13.38]-25[16.87]-26[18.82]-n+1     23.33     19.76     19.76
route9： 0[0]-49[3.21]-48[7.01]-47[9.19]-46[11.22]-50[13.93]-n+1     25.72     16.98     16.98
route10： 0[7.01]-30[12.38]-34[16.28]-33[18.46]-n+1     20.86     19.2     12.19


********************************************100 customers********************************************
VRPTW-r101-100
******************************************************
Solution：
routeID   route   carbonEmissions   arrivalTime_depot   duration
route0： 0[7.1]-40[9.91]-53[11.49]-n+1     3.63     11.85     4.76
route1： 0[0]-52[7.1]-88[8.86]-7[10.41]-10[13.98]-n+1     13.96     16.02     16.02
route2： 0[0]-95[5.11]-98[7.1]-16[8.87]-86[10.85]-17[17.43]-n+1     29.33     18.78     18.78
route3： 0[0]-59[2.92]-14[7.1]-44[8.59]-38[10.5]-37[15.03]-n+1     24.45     16.72     16.72
route4： 0[0]-63[7.1]-64[9.29]-49[12.31]-48[18.26]-n+1     36.47     19.5     19.5
route5： 0[0]-92[2.92]-42[6.78]-15[8.42]-87[10.75]-57[12.37]-43[14.82]-91[17.74]-100[20.35]-93[21.66]-n+1     38.43     22.56     22.56
route6： 0[6.57]-12[8.53]-54[15.65]-4[17.43]-25[18.99]-n+1     29.72     20.48     13.91
route7： 0[7.1]-99[9.7]-94[11.48]-97[14.92]-13[17.63]-n+1     11.52     18.13     11.04
route8： 0[0]-27[4.9]-69[6.78]-30[8.75]-51[10.53]-9[12.08]-20[14.19]-n+1     18.7     16.72     16.72
route9： 0[0]-5[7.1]-61[8.97]-85[10.54]-84[12.41]-96[15.13]-n+1     17.22     16.35     16.35
route10： 0[0]-33[4.9]-65[7.21]-71[9.08]-81[11.26]-50[13.98]-n+1     31.01     15.34     15.34
route11： 0[0]-45[4.38]-83[5.81]-82[7.33]-18[10.12]-6[12.06]-n+1     25.66     12.95     12.95
route12： 0[0]-28[6.16]-29[8.51]-78[11.06]-34[13.25]-35[15.97]-1[18.68]-n+1     32.56     19.35     19.35
route13： 0[0]-39[6.99]-23[8.72]-67[10.72]-55[15.23]-24[17.25]-80[20.03]-n+1     38.81     20.97     20.97
route14： 0[7.1]-76[9.39]-79[11.23]-3[13.15]-68[15.86]-77[19.72]-n+1     16.63     20.6     13.5
route15： 0[0]-72[7.1]-21[8.5]-73[9.79]-41[11.65]-26[14.82]-n+1     18.47     15.71     15.71
route16： 0[0]-2[6.99]-75[9.25]-22[11.17]-56[14.61]-74[16.59]-58[21.91]-n+1     24.61     22.32     22.32
route17： 0[0]-31[6.26]-62[7.74]-19[9.52]-8[11.99]-46[13.78]-60[17.95]-89[19.41]-n+1     30.35     19.81     19.81
route18： 0[0]-36[5.32]-47[6.89]-11[9.05]-90[10.99]-66[14.3]-32[16.5]-70[20.03]-n+1     46.95     20.97     20.97





